{
 "cells": [
  {
   "cell_type": "code",
   "execution_count": 3,
   "metadata": {},
   "outputs": [
    {
     "data": {
      "text/html": [
       "<div>\n",
       "<style scoped>\n",
       "    .dataframe tbody tr th:only-of-type {\n",
       "        vertical-align: middle;\n",
       "    }\n",
       "\n",
       "    .dataframe tbody tr th {\n",
       "        vertical-align: top;\n",
       "    }\n",
       "\n",
       "    .dataframe thead th {\n",
       "        text-align: right;\n",
       "    }\n",
       "</style>\n",
       "<table border=\"1\" class=\"dataframe\">\n",
       "  <thead>\n",
       "    <tr style=\"text-align: right;\">\n",
       "      <th></th>\n",
       "      <th>Happiness Score</th>\n",
       "      <th>Corruption</th>\n",
       "      <th>GDP</th>\n",
       "      <th>Generosity</th>\n",
       "      <th>Freedom of Choice</th>\n",
       "      <th>Social Support</th>\n",
       "      <th>Suicide Rates</th>\n",
       "      <th>Schizophrenia</th>\n",
       "      <th>Depression</th>\n",
       "      <th>Anxiety</th>\n",
       "      <th>Bipolar Disorder</th>\n",
       "      <th>Eating Disorder</th>\n",
       "      <th>Drug Abuse Disorder</th>\n",
       "      <th>Alcohol Abuse Disorder</th>\n",
       "      <th>Random Data</th>\n",
       "    </tr>\n",
       "  </thead>\n",
       "  <tbody>\n",
       "    <tr>\n",
       "      <th>Happiness Score</th>\n",
       "      <td>1.000000</td>\n",
       "      <td>-0.468875</td>\n",
       "      <td>0.804728</td>\n",
       "      <td>0.206687</td>\n",
       "      <td>0.560623</td>\n",
       "      <td>0.729625</td>\n",
       "      <td>-0.139530</td>\n",
       "      <td>0.647949</td>\n",
       "      <td>-0.323262</td>\n",
       "      <td>0.466371</td>\n",
       "      <td>0.585289</td>\n",
       "      <td>0.746517</td>\n",
       "      <td>0.670283</td>\n",
       "      <td>0.411315</td>\n",
       "      <td>0.014763</td>\n",
       "    </tr>\n",
       "    <tr>\n",
       "      <th>Corruption</th>\n",
       "      <td>-0.468875</td>\n",
       "      <td>1.000000</td>\n",
       "      <td>-0.341853</td>\n",
       "      <td>-0.298737</td>\n",
       "      <td>-0.521456</td>\n",
       "      <td>-0.242951</td>\n",
       "      <td>0.012192</td>\n",
       "      <td>-0.236839</td>\n",
       "      <td>0.037078</td>\n",
       "      <td>-0.260925</td>\n",
       "      <td>-0.370571</td>\n",
       "      <td>-0.528430</td>\n",
       "      <td>-0.420956</td>\n",
       "      <td>-0.219763</td>\n",
       "      <td>-0.049145</td>\n",
       "    </tr>\n",
       "    <tr>\n",
       "      <th>GDP</th>\n",
       "      <td>0.804728</td>\n",
       "      <td>-0.341853</td>\n",
       "      <td>1.000000</td>\n",
       "      <td>0.004066</td>\n",
       "      <td>0.385090</td>\n",
       "      <td>0.714315</td>\n",
       "      <td>-0.058529</td>\n",
       "      <td>0.736636</td>\n",
       "      <td>-0.398647</td>\n",
       "      <td>0.453433</td>\n",
       "      <td>0.466772</td>\n",
       "      <td>0.746016</td>\n",
       "      <td>0.698535</td>\n",
       "      <td>0.401495</td>\n",
       "      <td>0.016584</td>\n",
       "    </tr>\n",
       "    <tr>\n",
       "      <th>Generosity</th>\n",
       "      <td>0.206687</td>\n",
       "      <td>-0.298737</td>\n",
       "      <td>0.004066</td>\n",
       "      <td>1.000000</td>\n",
       "      <td>0.344244</td>\n",
       "      <td>0.094778</td>\n",
       "      <td>-0.180034</td>\n",
       "      <td>0.174925</td>\n",
       "      <td>-0.088051</td>\n",
       "      <td>0.179975</td>\n",
       "      <td>0.037925</td>\n",
       "      <td>0.183000</td>\n",
       "      <td>0.170627</td>\n",
       "      <td>-0.069982</td>\n",
       "      <td>0.053137</td>\n",
       "    </tr>\n",
       "    <tr>\n",
       "      <th>Freedom of Choice</th>\n",
       "      <td>0.560623</td>\n",
       "      <td>-0.521456</td>\n",
       "      <td>0.385090</td>\n",
       "      <td>0.344244</td>\n",
       "      <td>1.000000</td>\n",
       "      <td>0.447644</td>\n",
       "      <td>-0.087207</td>\n",
       "      <td>0.318037</td>\n",
       "      <td>-0.195946</td>\n",
       "      <td>0.260430</td>\n",
       "      <td>0.254238</td>\n",
       "      <td>0.420827</td>\n",
       "      <td>0.406820</td>\n",
       "      <td>0.220323</td>\n",
       "      <td>0.072636</td>\n",
       "    </tr>\n",
       "    <tr>\n",
       "      <th>Social Support</th>\n",
       "      <td>0.729625</td>\n",
       "      <td>-0.242951</td>\n",
       "      <td>0.714315</td>\n",
       "      <td>0.094778</td>\n",
       "      <td>0.447644</td>\n",
       "      <td>1.000000</td>\n",
       "      <td>0.057213</td>\n",
       "      <td>0.555356</td>\n",
       "      <td>-0.340554</td>\n",
       "      <td>0.305483</td>\n",
       "      <td>0.391822</td>\n",
       "      <td>0.549145</td>\n",
       "      <td>0.601599</td>\n",
       "      <td>0.454180</td>\n",
       "      <td>0.026110</td>\n",
       "    </tr>\n",
       "    <tr>\n",
       "      <th>Suicide Rates</th>\n",
       "      <td>-0.139530</td>\n",
       "      <td>0.012192</td>\n",
       "      <td>-0.058529</td>\n",
       "      <td>-0.180034</td>\n",
       "      <td>-0.087207</td>\n",
       "      <td>0.057213</td>\n",
       "      <td>1.000000</td>\n",
       "      <td>-0.197661</td>\n",
       "      <td>0.201908</td>\n",
       "      <td>-0.263702</td>\n",
       "      <td>-0.245289</td>\n",
       "      <td>-0.131772</td>\n",
       "      <td>0.083429</td>\n",
       "      <td>0.225800</td>\n",
       "      <td>0.051549</td>\n",
       "    </tr>\n",
       "    <tr>\n",
       "      <th>Schizophrenia</th>\n",
       "      <td>0.647949</td>\n",
       "      <td>-0.236839</td>\n",
       "      <td>0.736636</td>\n",
       "      <td>0.174925</td>\n",
       "      <td>0.318037</td>\n",
       "      <td>0.555356</td>\n",
       "      <td>-0.197661</td>\n",
       "      <td>1.000000</td>\n",
       "      <td>-0.492450</td>\n",
       "      <td>0.336990</td>\n",
       "      <td>0.320273</td>\n",
       "      <td>0.550802</td>\n",
       "      <td>0.596533</td>\n",
       "      <td>0.345948</td>\n",
       "      <td>-0.000550</td>\n",
       "    </tr>\n",
       "    <tr>\n",
       "      <th>Depression</th>\n",
       "      <td>-0.323262</td>\n",
       "      <td>0.037078</td>\n",
       "      <td>-0.398647</td>\n",
       "      <td>-0.088051</td>\n",
       "      <td>-0.195946</td>\n",
       "      <td>-0.340554</td>\n",
       "      <td>0.201908</td>\n",
       "      <td>-0.492450</td>\n",
       "      <td>1.000000</td>\n",
       "      <td>0.083354</td>\n",
       "      <td>0.016653</td>\n",
       "      <td>-0.092618</td>\n",
       "      <td>-0.181713</td>\n",
       "      <td>-0.201564</td>\n",
       "      <td>-0.007918</td>\n",
       "    </tr>\n",
       "    <tr>\n",
       "      <th>Anxiety</th>\n",
       "      <td>0.466371</td>\n",
       "      <td>-0.260925</td>\n",
       "      <td>0.453433</td>\n",
       "      <td>0.179975</td>\n",
       "      <td>0.260430</td>\n",
       "      <td>0.305483</td>\n",
       "      <td>-0.263702</td>\n",
       "      <td>0.336990</td>\n",
       "      <td>0.083354</td>\n",
       "      <td>1.000000</td>\n",
       "      <td>0.687364</td>\n",
       "      <td>0.627119</td>\n",
       "      <td>0.454476</td>\n",
       "      <td>0.146535</td>\n",
       "      <td>-0.024475</td>\n",
       "    </tr>\n",
       "    <tr>\n",
       "      <th>Bipolar Disorder</th>\n",
       "      <td>0.585289</td>\n",
       "      <td>-0.370571</td>\n",
       "      <td>0.466772</td>\n",
       "      <td>0.037925</td>\n",
       "      <td>0.254238</td>\n",
       "      <td>0.391822</td>\n",
       "      <td>-0.245289</td>\n",
       "      <td>0.320273</td>\n",
       "      <td>0.016653</td>\n",
       "      <td>0.687364</td>\n",
       "      <td>1.000000</td>\n",
       "      <td>0.732470</td>\n",
       "      <td>0.494615</td>\n",
       "      <td>0.255968</td>\n",
       "      <td>-0.032577</td>\n",
       "    </tr>\n",
       "    <tr>\n",
       "      <th>Eating Disorder</th>\n",
       "      <td>0.746517</td>\n",
       "      <td>-0.528430</td>\n",
       "      <td>0.746016</td>\n",
       "      <td>0.183000</td>\n",
       "      <td>0.420827</td>\n",
       "      <td>0.549145</td>\n",
       "      <td>-0.131772</td>\n",
       "      <td>0.550802</td>\n",
       "      <td>-0.092618</td>\n",
       "      <td>0.627119</td>\n",
       "      <td>0.732470</td>\n",
       "      <td>1.000000</td>\n",
       "      <td>0.745562</td>\n",
       "      <td>0.251158</td>\n",
       "      <td>0.011818</td>\n",
       "    </tr>\n",
       "    <tr>\n",
       "      <th>Drug Abuse Disorder</th>\n",
       "      <td>0.670283</td>\n",
       "      <td>-0.420956</td>\n",
       "      <td>0.698535</td>\n",
       "      <td>0.170627</td>\n",
       "      <td>0.406820</td>\n",
       "      <td>0.601599</td>\n",
       "      <td>0.083429</td>\n",
       "      <td>0.596533</td>\n",
       "      <td>-0.181713</td>\n",
       "      <td>0.454476</td>\n",
       "      <td>0.494615</td>\n",
       "      <td>0.745562</td>\n",
       "      <td>1.000000</td>\n",
       "      <td>0.350948</td>\n",
       "      <td>0.049670</td>\n",
       "    </tr>\n",
       "    <tr>\n",
       "      <th>Alcohol Abuse Disorder</th>\n",
       "      <td>0.411315</td>\n",
       "      <td>-0.219763</td>\n",
       "      <td>0.401495</td>\n",
       "      <td>-0.069982</td>\n",
       "      <td>0.220323</td>\n",
       "      <td>0.454180</td>\n",
       "      <td>0.225800</td>\n",
       "      <td>0.345948</td>\n",
       "      <td>-0.201564</td>\n",
       "      <td>0.146535</td>\n",
       "      <td>0.255968</td>\n",
       "      <td>0.251158</td>\n",
       "      <td>0.350948</td>\n",
       "      <td>1.000000</td>\n",
       "      <td>0.024773</td>\n",
       "    </tr>\n",
       "    <tr>\n",
       "      <th>Random Data</th>\n",
       "      <td>0.014763</td>\n",
       "      <td>-0.049145</td>\n",
       "      <td>0.016584</td>\n",
       "      <td>0.053137</td>\n",
       "      <td>0.072636</td>\n",
       "      <td>0.026110</td>\n",
       "      <td>0.051549</td>\n",
       "      <td>-0.000550</td>\n",
       "      <td>-0.007918</td>\n",
       "      <td>-0.024475</td>\n",
       "      <td>-0.032577</td>\n",
       "      <td>0.011818</td>\n",
       "      <td>0.049670</td>\n",
       "      <td>0.024773</td>\n",
       "      <td>1.000000</td>\n",
       "    </tr>\n",
       "  </tbody>\n",
       "</table>\n",
       "</div>"
      ],
      "text/plain": [
       "                        Happiness Score  Corruption       GDP  Generosity  \\\n",
       "Happiness Score                1.000000   -0.468875  0.804728    0.206687   \n",
       "Corruption                    -0.468875    1.000000 -0.341853   -0.298737   \n",
       "GDP                            0.804728   -0.341853  1.000000    0.004066   \n",
       "Generosity                     0.206687   -0.298737  0.004066    1.000000   \n",
       "Freedom of Choice              0.560623   -0.521456  0.385090    0.344244   \n",
       "Social Support                 0.729625   -0.242951  0.714315    0.094778   \n",
       "Suicide Rates                 -0.139530    0.012192 -0.058529   -0.180034   \n",
       "Schizophrenia                  0.647949   -0.236839  0.736636    0.174925   \n",
       "Depression                    -0.323262    0.037078 -0.398647   -0.088051   \n",
       "Anxiety                        0.466371   -0.260925  0.453433    0.179975   \n",
       "Bipolar Disorder               0.585289   -0.370571  0.466772    0.037925   \n",
       "Eating Disorder                0.746517   -0.528430  0.746016    0.183000   \n",
       "Drug Abuse Disorder            0.670283   -0.420956  0.698535    0.170627   \n",
       "Alcohol Abuse Disorder         0.411315   -0.219763  0.401495   -0.069982   \n",
       "Random Data                    0.014763   -0.049145  0.016584    0.053137   \n",
       "\n",
       "                        Freedom of Choice  Social Support  Suicide Rates  \\\n",
       "Happiness Score                  0.560623        0.729625      -0.139530   \n",
       "Corruption                      -0.521456       -0.242951       0.012192   \n",
       "GDP                              0.385090        0.714315      -0.058529   \n",
       "Generosity                       0.344244        0.094778      -0.180034   \n",
       "Freedom of Choice                1.000000        0.447644      -0.087207   \n",
       "Social Support                   0.447644        1.000000       0.057213   \n",
       "Suicide Rates                   -0.087207        0.057213       1.000000   \n",
       "Schizophrenia                    0.318037        0.555356      -0.197661   \n",
       "Depression                      -0.195946       -0.340554       0.201908   \n",
       "Anxiety                          0.260430        0.305483      -0.263702   \n",
       "Bipolar Disorder                 0.254238        0.391822      -0.245289   \n",
       "Eating Disorder                  0.420827        0.549145      -0.131772   \n",
       "Drug Abuse Disorder              0.406820        0.601599       0.083429   \n",
       "Alcohol Abuse Disorder           0.220323        0.454180       0.225800   \n",
       "Random Data                      0.072636        0.026110       0.051549   \n",
       "\n",
       "                        Schizophrenia  Depression   Anxiety  Bipolar Disorder  \\\n",
       "Happiness Score              0.647949   -0.323262  0.466371          0.585289   \n",
       "Corruption                  -0.236839    0.037078 -0.260925         -0.370571   \n",
       "GDP                          0.736636   -0.398647  0.453433          0.466772   \n",
       "Generosity                   0.174925   -0.088051  0.179975          0.037925   \n",
       "Freedom of Choice            0.318037   -0.195946  0.260430          0.254238   \n",
       "Social Support               0.555356   -0.340554  0.305483          0.391822   \n",
       "Suicide Rates               -0.197661    0.201908 -0.263702         -0.245289   \n",
       "Schizophrenia                1.000000   -0.492450  0.336990          0.320273   \n",
       "Depression                  -0.492450    1.000000  0.083354          0.016653   \n",
       "Anxiety                      0.336990    0.083354  1.000000          0.687364   \n",
       "Bipolar Disorder             0.320273    0.016653  0.687364          1.000000   \n",
       "Eating Disorder              0.550802   -0.092618  0.627119          0.732470   \n",
       "Drug Abuse Disorder          0.596533   -0.181713  0.454476          0.494615   \n",
       "Alcohol Abuse Disorder       0.345948   -0.201564  0.146535          0.255968   \n",
       "Random Data                 -0.000550   -0.007918 -0.024475         -0.032577   \n",
       "\n",
       "                        Eating Disorder  Drug Abuse Disorder  \\\n",
       "Happiness Score                0.746517             0.670283   \n",
       "Corruption                    -0.528430            -0.420956   \n",
       "GDP                            0.746016             0.698535   \n",
       "Generosity                     0.183000             0.170627   \n",
       "Freedom of Choice              0.420827             0.406820   \n",
       "Social Support                 0.549145             0.601599   \n",
       "Suicide Rates                 -0.131772             0.083429   \n",
       "Schizophrenia                  0.550802             0.596533   \n",
       "Depression                    -0.092618            -0.181713   \n",
       "Anxiety                        0.627119             0.454476   \n",
       "Bipolar Disorder               0.732470             0.494615   \n",
       "Eating Disorder                1.000000             0.745562   \n",
       "Drug Abuse Disorder            0.745562             1.000000   \n",
       "Alcohol Abuse Disorder         0.251158             0.350948   \n",
       "Random Data                    0.011818             0.049670   \n",
       "\n",
       "                        Alcohol Abuse Disorder  Random Data  \n",
       "Happiness Score                       0.411315     0.014763  \n",
       "Corruption                           -0.219763    -0.049145  \n",
       "GDP                                   0.401495     0.016584  \n",
       "Generosity                           -0.069982     0.053137  \n",
       "Freedom of Choice                     0.220323     0.072636  \n",
       "Social Support                        0.454180     0.026110  \n",
       "Suicide Rates                         0.225800     0.051549  \n",
       "Schizophrenia                         0.345948    -0.000550  \n",
       "Depression                           -0.201564    -0.007918  \n",
       "Anxiety                               0.146535    -0.024475  \n",
       "Bipolar Disorder                      0.255968    -0.032577  \n",
       "Eating Disorder                       0.251158     0.011818  \n",
       "Drug Abuse Disorder                   0.350948     0.049670  \n",
       "Alcohol Abuse Disorder                1.000000     0.024773  \n",
       "Random Data                           0.024773     1.000000  "
      ]
     },
     "execution_count": 3,
     "metadata": {},
     "output_type": "execute_result"
    }
   ],
   "source": [
    "import pandas as pd\n",
    "data = pd.read_csv(\"./dat/cleaned/data_for_regression.csv\", index_col=0)\n",
    "data.corr()"
   ]
  },
  {
   "cell_type": "code",
   "execution_count": 4,
   "metadata": {},
   "outputs": [
    {
     "data": {
      "text/html": [
       "<div>\n",
       "<style scoped>\n",
       "    .dataframe tbody tr th:only-of-type {\n",
       "        vertical-align: middle;\n",
       "    }\n",
       "\n",
       "    .dataframe tbody tr th {\n",
       "        vertical-align: top;\n",
       "    }\n",
       "\n",
       "    .dataframe thead th {\n",
       "        text-align: right;\n",
       "    }\n",
       "</style>\n",
       "<table border=\"1\" class=\"dataframe\">\n",
       "  <thead>\n",
       "    <tr style=\"text-align: right;\">\n",
       "      <th></th>\n",
       "      <th>Happiness Score</th>\n",
       "      <th>Corruption</th>\n",
       "      <th>GDP</th>\n",
       "      <th>Generosity</th>\n",
       "      <th>Freedom of Choice</th>\n",
       "      <th>Social Support</th>\n",
       "      <th>Suicide Rates</th>\n",
       "      <th>Schizophrenia</th>\n",
       "      <th>Depression</th>\n",
       "      <th>Anxiety</th>\n",
       "      <th>Bipolar Disorder</th>\n",
       "      <th>Eating Disorder</th>\n",
       "      <th>Drug Abuse Disorder</th>\n",
       "      <th>Alcohol Abuse Disorder</th>\n",
       "      <th>Random Data</th>\n",
       "    </tr>\n",
       "  </thead>\n",
       "  <tbody>\n",
       "    <tr>\n",
       "      <th>Happiness Score</th>\n",
       "      <td>1.000000</td>\n",
       "      <td>-0.936415</td>\n",
       "      <td>0.817466</td>\n",
       "      <td>-0.207910</td>\n",
       "      <td>0.591730</td>\n",
       "      <td>-0.548715</td>\n",
       "      <td>-0.570383</td>\n",
       "      <td>0.757996</td>\n",
       "      <td>-0.266187</td>\n",
       "      <td>0.736510</td>\n",
       "      <td>-0.866016</td>\n",
       "      <td>0.918229</td>\n",
       "      <td>0.701634</td>\n",
       "      <td>-0.851274</td>\n",
       "      <td>-0.175971</td>\n",
       "    </tr>\n",
       "    <tr>\n",
       "      <th>Corruption</th>\n",
       "      <td>-0.936415</td>\n",
       "      <td>1.000000</td>\n",
       "      <td>-0.865247</td>\n",
       "      <td>-0.026615</td>\n",
       "      <td>-0.551430</td>\n",
       "      <td>0.655811</td>\n",
       "      <td>0.634067</td>\n",
       "      <td>-0.728749</td>\n",
       "      <td>0.160703</td>\n",
       "      <td>-0.789683</td>\n",
       "      <td>0.876633</td>\n",
       "      <td>-0.945426</td>\n",
       "      <td>-0.745148</td>\n",
       "      <td>0.928862</td>\n",
       "      <td>0.079950</td>\n",
       "    </tr>\n",
       "    <tr>\n",
       "      <th>GDP</th>\n",
       "      <td>0.817466</td>\n",
       "      <td>-0.865247</td>\n",
       "      <td>1.000000</td>\n",
       "      <td>-0.163825</td>\n",
       "      <td>0.512858</td>\n",
       "      <td>-0.763703</td>\n",
       "      <td>-0.804472</td>\n",
       "      <td>0.810496</td>\n",
       "      <td>-0.293864</td>\n",
       "      <td>0.772872</td>\n",
       "      <td>-0.864700</td>\n",
       "      <td>0.960081</td>\n",
       "      <td>0.807634</td>\n",
       "      <td>-0.808760</td>\n",
       "      <td>-0.003486</td>\n",
       "    </tr>\n",
       "    <tr>\n",
       "      <th>Generosity</th>\n",
       "      <td>-0.207910</td>\n",
       "      <td>-0.026615</td>\n",
       "      <td>-0.163825</td>\n",
       "      <td>1.000000</td>\n",
       "      <td>-0.551198</td>\n",
       "      <td>-0.203738</td>\n",
       "      <td>-0.063755</td>\n",
       "      <td>-0.170248</td>\n",
       "      <td>0.233150</td>\n",
       "      <td>-0.170035</td>\n",
       "      <td>0.045607</td>\n",
       "      <td>-0.142566</td>\n",
       "      <td>-0.065865</td>\n",
       "      <td>-0.062627</td>\n",
       "      <td>0.209312</td>\n",
       "    </tr>\n",
       "    <tr>\n",
       "      <th>Freedom of Choice</th>\n",
       "      <td>0.591730</td>\n",
       "      <td>-0.551430</td>\n",
       "      <td>0.512858</td>\n",
       "      <td>-0.551198</td>\n",
       "      <td>1.000000</td>\n",
       "      <td>-0.026127</td>\n",
       "      <td>-0.098001</td>\n",
       "      <td>0.264319</td>\n",
       "      <td>0.072784</td>\n",
       "      <td>0.674623</td>\n",
       "      <td>-0.357823</td>\n",
       "      <td>0.555150</td>\n",
       "      <td>0.344665</td>\n",
       "      <td>-0.565207</td>\n",
       "      <td>-0.239835</td>\n",
       "    </tr>\n",
       "    <tr>\n",
       "      <th>Social Support</th>\n",
       "      <td>-0.548715</td>\n",
       "      <td>0.655811</td>\n",
       "      <td>-0.763703</td>\n",
       "      <td>-0.203738</td>\n",
       "      <td>-0.026127</td>\n",
       "      <td>1.000000</td>\n",
       "      <td>0.923589</td>\n",
       "      <td>-0.802713</td>\n",
       "      <td>0.453228</td>\n",
       "      <td>-0.478355</td>\n",
       "      <td>0.780454</td>\n",
       "      <td>-0.759661</td>\n",
       "      <td>-0.699875</td>\n",
       "      <td>0.513051</td>\n",
       "      <td>-0.166733</td>\n",
       "    </tr>\n",
       "    <tr>\n",
       "      <th>Suicide Rates</th>\n",
       "      <td>-0.570383</td>\n",
       "      <td>0.634067</td>\n",
       "      <td>-0.804472</td>\n",
       "      <td>-0.063755</td>\n",
       "      <td>-0.098001</td>\n",
       "      <td>0.923589</td>\n",
       "      <td>1.000000</td>\n",
       "      <td>-0.863833</td>\n",
       "      <td>0.538168</td>\n",
       "      <td>-0.443039</td>\n",
       "      <td>0.818963</td>\n",
       "      <td>-0.779269</td>\n",
       "      <td>-0.728502</td>\n",
       "      <td>0.502350</td>\n",
       "      <td>-0.092436</td>\n",
       "    </tr>\n",
       "    <tr>\n",
       "      <th>Schizophrenia</th>\n",
       "      <td>0.757996</td>\n",
       "      <td>-0.728749</td>\n",
       "      <td>0.810496</td>\n",
       "      <td>-0.170248</td>\n",
       "      <td>0.264319</td>\n",
       "      <td>-0.802713</td>\n",
       "      <td>-0.863833</td>\n",
       "      <td>1.000000</td>\n",
       "      <td>-0.703244</td>\n",
       "      <td>0.430178</td>\n",
       "      <td>-0.943937</td>\n",
       "      <td>0.862906</td>\n",
       "      <td>0.725721</td>\n",
       "      <td>-0.521648</td>\n",
       "      <td>-0.081616</td>\n",
       "    </tr>\n",
       "    <tr>\n",
       "      <th>Depression</th>\n",
       "      <td>-0.266187</td>\n",
       "      <td>0.160703</td>\n",
       "      <td>-0.293864</td>\n",
       "      <td>0.233150</td>\n",
       "      <td>0.072784</td>\n",
       "      <td>0.453228</td>\n",
       "      <td>0.538168</td>\n",
       "      <td>-0.703244</td>\n",
       "      <td>1.000000</td>\n",
       "      <td>0.241711</td>\n",
       "      <td>0.585384</td>\n",
       "      <td>-0.329645</td>\n",
       "      <td>-0.056913</td>\n",
       "      <td>-0.101018</td>\n",
       "      <td>0.091458</td>\n",
       "    </tr>\n",
       "    <tr>\n",
       "      <th>Anxiety</th>\n",
       "      <td>0.736510</td>\n",
       "      <td>-0.789683</td>\n",
       "      <td>0.772872</td>\n",
       "      <td>-0.170035</td>\n",
       "      <td>0.674623</td>\n",
       "      <td>-0.478355</td>\n",
       "      <td>-0.443039</td>\n",
       "      <td>0.430178</td>\n",
       "      <td>0.241711</td>\n",
       "      <td>1.000000</td>\n",
       "      <td>-0.524484</td>\n",
       "      <td>0.779672</td>\n",
       "      <td>0.791831</td>\n",
       "      <td>-0.803923</td>\n",
       "      <td>-0.187514</td>\n",
       "    </tr>\n",
       "    <tr>\n",
       "      <th>Bipolar Disorder</th>\n",
       "      <td>-0.866016</td>\n",
       "      <td>0.876633</td>\n",
       "      <td>-0.864700</td>\n",
       "      <td>0.045607</td>\n",
       "      <td>-0.357823</td>\n",
       "      <td>0.780454</td>\n",
       "      <td>0.818963</td>\n",
       "      <td>-0.943937</td>\n",
       "      <td>0.585384</td>\n",
       "      <td>-0.524484</td>\n",
       "      <td>1.000000</td>\n",
       "      <td>-0.934976</td>\n",
       "      <td>-0.685825</td>\n",
       "      <td>0.723297</td>\n",
       "      <td>0.041976</td>\n",
       "    </tr>\n",
       "    <tr>\n",
       "      <th>Eating Disorder</th>\n",
       "      <td>0.918229</td>\n",
       "      <td>-0.945426</td>\n",
       "      <td>0.960081</td>\n",
       "      <td>-0.142566</td>\n",
       "      <td>0.555150</td>\n",
       "      <td>-0.759661</td>\n",
       "      <td>-0.779269</td>\n",
       "      <td>0.862906</td>\n",
       "      <td>-0.329645</td>\n",
       "      <td>0.779672</td>\n",
       "      <td>-0.934976</td>\n",
       "      <td>1.000000</td>\n",
       "      <td>0.819962</td>\n",
       "      <td>-0.855069</td>\n",
       "      <td>-0.053058</td>\n",
       "    </tr>\n",
       "    <tr>\n",
       "      <th>Drug Abuse Disorder</th>\n",
       "      <td>0.701634</td>\n",
       "      <td>-0.745148</td>\n",
       "      <td>0.807634</td>\n",
       "      <td>-0.065865</td>\n",
       "      <td>0.344665</td>\n",
       "      <td>-0.699875</td>\n",
       "      <td>-0.728502</td>\n",
       "      <td>0.725721</td>\n",
       "      <td>-0.056913</td>\n",
       "      <td>0.791831</td>\n",
       "      <td>-0.685825</td>\n",
       "      <td>0.819962</td>\n",
       "      <td>1.000000</td>\n",
       "      <td>-0.675276</td>\n",
       "      <td>-0.101721</td>\n",
       "    </tr>\n",
       "    <tr>\n",
       "      <th>Alcohol Abuse Disorder</th>\n",
       "      <td>-0.851274</td>\n",
       "      <td>0.928862</td>\n",
       "      <td>-0.808760</td>\n",
       "      <td>-0.062627</td>\n",
       "      <td>-0.565207</td>\n",
       "      <td>0.513051</td>\n",
       "      <td>0.502350</td>\n",
       "      <td>-0.521648</td>\n",
       "      <td>-0.101018</td>\n",
       "      <td>-0.803923</td>\n",
       "      <td>0.723297</td>\n",
       "      <td>-0.855069</td>\n",
       "      <td>-0.675276</td>\n",
       "      <td>1.000000</td>\n",
       "      <td>-0.122090</td>\n",
       "    </tr>\n",
       "    <tr>\n",
       "      <th>Random Data</th>\n",
       "      <td>-0.175971</td>\n",
       "      <td>0.079950</td>\n",
       "      <td>-0.003486</td>\n",
       "      <td>0.209312</td>\n",
       "      <td>-0.239835</td>\n",
       "      <td>-0.166733</td>\n",
       "      <td>-0.092436</td>\n",
       "      <td>-0.081616</td>\n",
       "      <td>0.091458</td>\n",
       "      <td>-0.187514</td>\n",
       "      <td>0.041976</td>\n",
       "      <td>-0.053058</td>\n",
       "      <td>-0.101721</td>\n",
       "      <td>-0.122090</td>\n",
       "      <td>1.000000</td>\n",
       "    </tr>\n",
       "  </tbody>\n",
       "</table>\n",
       "</div>"
      ],
      "text/plain": [
       "                        Happiness Score  Corruption       GDP  Generosity  \\\n",
       "Happiness Score                1.000000   -0.936415  0.817466   -0.207910   \n",
       "Corruption                    -0.936415    1.000000 -0.865247   -0.026615   \n",
       "GDP                            0.817466   -0.865247  1.000000   -0.163825   \n",
       "Generosity                    -0.207910   -0.026615 -0.163825    1.000000   \n",
       "Freedom of Choice              0.591730   -0.551430  0.512858   -0.551198   \n",
       "Social Support                -0.548715    0.655811 -0.763703   -0.203738   \n",
       "Suicide Rates                 -0.570383    0.634067 -0.804472   -0.063755   \n",
       "Schizophrenia                  0.757996   -0.728749  0.810496   -0.170248   \n",
       "Depression                    -0.266187    0.160703 -0.293864    0.233150   \n",
       "Anxiety                        0.736510   -0.789683  0.772872   -0.170035   \n",
       "Bipolar Disorder              -0.866016    0.876633 -0.864700    0.045607   \n",
       "Eating Disorder                0.918229   -0.945426  0.960081   -0.142566   \n",
       "Drug Abuse Disorder            0.701634   -0.745148  0.807634   -0.065865   \n",
       "Alcohol Abuse Disorder        -0.851274    0.928862 -0.808760   -0.062627   \n",
       "Random Data                   -0.175971    0.079950 -0.003486    0.209312   \n",
       "\n",
       "                        Freedom of Choice  Social Support  Suicide Rates  \\\n",
       "Happiness Score                  0.591730       -0.548715      -0.570383   \n",
       "Corruption                      -0.551430        0.655811       0.634067   \n",
       "GDP                              0.512858       -0.763703      -0.804472   \n",
       "Generosity                      -0.551198       -0.203738      -0.063755   \n",
       "Freedom of Choice                1.000000       -0.026127      -0.098001   \n",
       "Social Support                  -0.026127        1.000000       0.923589   \n",
       "Suicide Rates                   -0.098001        0.923589       1.000000   \n",
       "Schizophrenia                    0.264319       -0.802713      -0.863833   \n",
       "Depression                       0.072784        0.453228       0.538168   \n",
       "Anxiety                          0.674623       -0.478355      -0.443039   \n",
       "Bipolar Disorder                -0.357823        0.780454       0.818963   \n",
       "Eating Disorder                  0.555150       -0.759661      -0.779269   \n",
       "Drug Abuse Disorder              0.344665       -0.699875      -0.728502   \n",
       "Alcohol Abuse Disorder          -0.565207        0.513051       0.502350   \n",
       "Random Data                     -0.239835       -0.166733      -0.092436   \n",
       "\n",
       "                        Schizophrenia  Depression   Anxiety  Bipolar Disorder  \\\n",
       "Happiness Score              0.757996   -0.266187  0.736510         -0.866016   \n",
       "Corruption                  -0.728749    0.160703 -0.789683          0.876633   \n",
       "GDP                          0.810496   -0.293864  0.772872         -0.864700   \n",
       "Generosity                  -0.170248    0.233150 -0.170035          0.045607   \n",
       "Freedom of Choice            0.264319    0.072784  0.674623         -0.357823   \n",
       "Social Support              -0.802713    0.453228 -0.478355          0.780454   \n",
       "Suicide Rates               -0.863833    0.538168 -0.443039          0.818963   \n",
       "Schizophrenia                1.000000   -0.703244  0.430178         -0.943937   \n",
       "Depression                  -0.703244    1.000000  0.241711          0.585384   \n",
       "Anxiety                      0.430178    0.241711  1.000000         -0.524484   \n",
       "Bipolar Disorder            -0.943937    0.585384 -0.524484          1.000000   \n",
       "Eating Disorder              0.862906   -0.329645  0.779672         -0.934976   \n",
       "Drug Abuse Disorder          0.725721   -0.056913  0.791831         -0.685825   \n",
       "Alcohol Abuse Disorder      -0.521648   -0.101018 -0.803923          0.723297   \n",
       "Random Data                 -0.081616    0.091458 -0.187514          0.041976   \n",
       "\n",
       "                        Eating Disorder  Drug Abuse Disorder  \\\n",
       "Happiness Score                0.918229             0.701634   \n",
       "Corruption                    -0.945426            -0.745148   \n",
       "GDP                            0.960081             0.807634   \n",
       "Generosity                    -0.142566            -0.065865   \n",
       "Freedom of Choice              0.555150             0.344665   \n",
       "Social Support                -0.759661            -0.699875   \n",
       "Suicide Rates                 -0.779269            -0.728502   \n",
       "Schizophrenia                  0.862906             0.725721   \n",
       "Depression                    -0.329645            -0.056913   \n",
       "Anxiety                        0.779672             0.791831   \n",
       "Bipolar Disorder              -0.934976            -0.685825   \n",
       "Eating Disorder                1.000000             0.819962   \n",
       "Drug Abuse Disorder            0.819962             1.000000   \n",
       "Alcohol Abuse Disorder        -0.855069            -0.675276   \n",
       "Random Data                   -0.053058            -0.101721   \n",
       "\n",
       "                        Alcohol Abuse Disorder  Random Data  \n",
       "Happiness Score                      -0.851274    -0.175971  \n",
       "Corruption                            0.928862     0.079950  \n",
       "GDP                                  -0.808760    -0.003486  \n",
       "Generosity                           -0.062627     0.209312  \n",
       "Freedom of Choice                    -0.565207    -0.239835  \n",
       "Social Support                        0.513051    -0.166733  \n",
       "Suicide Rates                         0.502350    -0.092436  \n",
       "Schizophrenia                        -0.521648    -0.081616  \n",
       "Depression                           -0.101018     0.091458  \n",
       "Anxiety                              -0.803923    -0.187514  \n",
       "Bipolar Disorder                      0.723297     0.041976  \n",
       "Eating Disorder                      -0.855069    -0.053058  \n",
       "Drug Abuse Disorder                  -0.675276    -0.101721  \n",
       "Alcohol Abuse Disorder                1.000000    -0.122090  \n",
       "Random Data                          -0.122090     1.000000  "
      ]
     },
     "execution_count": 4,
     "metadata": {},
     "output_type": "execute_result"
    }
   ],
   "source": [
    "import pandas as pd\n",
    "data = pd.read_csv(\"./dat/cleaned/data_for_regression_Germany.csv\")\n",
    "data.drop(columns=['Unnamed: 0'], inplace=True)\n",
    "data.corr()"
   ]
  },
  {
   "cell_type": "code",
   "execution_count": null,
   "metadata": {},
   "outputs": [],
   "source": []
  }
 ],
 "metadata": {
  "kernelspec": {
   "display_name": "base",
   "language": "python",
   "name": "python3"
  },
  "language_info": {
   "codemirror_mode": {
    "name": "ipython",
    "version": 3
   },
   "file_extension": ".py",
   "mimetype": "text/x-python",
   "name": "python",
   "nbconvert_exporter": "python",
   "pygments_lexer": "ipython3",
   "version": "3.11.3"
  }
 },
 "nbformat": 4,
 "nbformat_minor": 2
}
